BEACON:437.438400 FM
BEACON:437.444500 FM


